1648,1884,1000
1641,1891,1000
1634,1899,1000
1627,1907,1000
1620,1916,1000
1613,1917,1000
1605,1919,1000
1597,1921,1000
1590,1924,1000
1582,1927,1000
1575,1925,1000
1569,1923,1000
1562,1922,1000
1555,1920,1000
1549,1919,1000
1544,1919,1000
1540,1919,1000
1535,1919,1000
1530,1919,1000
1526,1919,1000
1517,1912,1000
1507,1906,1000
1498,1900,1000
1488,1894,1000
1478,1889,1000
1474,1888,1000
1470,1887,1000
1466,1886,1000
1462,1886,1000
1458,1885,1000
1456,1881,1000
1453,1876,1000
1451,1872,1000
1449,1868,1000
1446,1863,1000
1433,1843,1000
1419,1825,1000
1404,1807,1000
1390,1791,1000
1374,1776,1000
1360,1787,1000
1345,1799,1000
1329,1816,1000
1313,1839,1000
1296,1839,1000
1291,1859,1000
1286,1835,1000
1280,1817,1000
1275,1802,1000
1269,1788,1000
1258,1784,1000
1246,1779,1000
1234,1775,1000
1221,1772,1000
1207,1769,1000
1206,1767,1000
1204,1764,1000
1203,1761,1000
1201,1758,1000
1200,1756,1000
1205,1733,1000
1210,1713,1000
1214,1696,1000
1218,1680,1000
1222,1665,1000
1221,1659,1000
1221,1654,1000
1221,1648,1000
1220,1643,1000
1219,1638,1000
1219,1635,1000
1218,1632,1000
1218,1630,1000
1217,1627,1000
1217,1624,1000
1215,1619,1000
1214,1613,1000
1213,1608,1000
1211,1603,1000
1210,1598,1000
1213,1588,1000
1215,1579,1000
1217,1571,1000
1219,1562,1000
1221,1554,1000
1218,1540,1000
1214,1526,1000
1211,1513,1000
1207,1500,1000
1202,1487,1000
1197,1478,1000
1191,1468,1000
1185,1459,1000
1179,1450,1000
1173,1441,1000
1151,1408,1000
1127,1376,1000
1101,1345,1000
1074,1316,1000
1044,1288,1000
1050,1284,1000
1056,1280,1000
1061,1276,1000
1067,1272,1000
1072,1268,1000
1074,1267,1000
1076,1266,1000
1078,1265,1000
1080,1264,1000
1082,1263,1000
1095,1260,1000
1108,1257,1000
1121,1255,1000
1133,1253,1000
1145,1251,1000
1150,1251,1000
1154,1252,1000
1159,1252,1000
1163,1253,1000
1167,1254,1000
1174,1255,1000
1181,1256,1000
1188,1257,1000
1195,1259,1000
1201,1260,1000
1206,1262,1000
1210,1264,1000
1215,1266,1000
1219,1268,1000
1224,1270,1000
1229,1272,1000
1235,1273,1000
1240,1275,1000
1245,1277,1000
1251,1279,1000
1271,1292,1000
1292,1306,1000
1312,1319,1000
1332,1334,1000
1351,1348,1000
1353,1350,1000
1355,1351,1000
1357,1353,1000
1359,1355,1000
1361,1356,1000
1367,1364,1000
1374,1371,1000
1380,1379,1000
1387,1386,1000
1393,1394,1000
1396,1401,1000
1399,1407,1000
1402,1413,1000
1405,1420,1000
1407,1426,1000
1410,1431,1000
1412,1435,1000
1415,1439,1000
1417,1444,1000
1420,1448,1000
1422,1453,1000
1425,1457,1000
1427,1462,1000
1429,1466,1000
1432,1470,1000
1490,1542,1000
1542,1618,1000
1587,1700,1000
1623,1789,1000
1649,1895,1000
1604,1864,1000
1556,1837,1000
1506,1816,1000
1453,1801,1000
1396,1793,2000
1394,1778,2000
1392,1763,2000
1390,1750,2000
1388,1736,2000
1385,1724,1000
1384,1706,1000
1382,1690,1000
1380,1674,1000
1378,1659,1000
1375,1644,1000
1374,1638,1000
1372,1632,1000
1370,1626,1000
1369,1620,1000
1367,1615,1000
1359,1608,1000
1350,1601,1000
1342,1595,1000
1334,1588,1000
1325,1582,1000
1320,1585,1000
1314,1589,1000
1308,1593,1000
1303,1597,1000
1297,1601,1000
1292,1604,1000
1286,1607,1000
1281,1611,1000
1276,1614,1000
1270,1618,1000
1263,1622,1000
1256,1626,1000
1248,1631,1000
1241,1636,1000
1233,1641,1000
1342,1614,1000
1434,1609,1000
1519,1617,1000
1601,1637,1000
1682,1666,2000
1686,1664,2000
1689,1663,2000
1693,1661,2000
1696,1659,2000
1700,1658,1000
1680,1663,1000
1660,1669,1000
1639,1676,1000
1618,1685,1000
1597,1694,1000
1610,1686,1000
1622,1679,1000
1635,1672,1000
1647,1666,1000
1659,1660,1000
1670,1656,1000
1682,1652,1000
1693,1648,1000
1705,1645,1000
1716,1642,1000
1720,1634,1000
1724,1626,1000
1727,1619,1000
1731,1611,1000
1734,1604,1000
1735,1599,1000
1736,1594,1000
1738,1590,1000
1739,1585,1000
1740,1580,1000
1741,1578,1000
1742,1576,1000
1743,1574,1000
1744,1572,1000
1745,1570,1000
1745,1567,1000
1745,1565,1000
1745,1562,1000
1744,1560,1000
1744,1557,1000
1744,1552,1000
1744,1546,1000
1744,1541,1000
1744,1536,1000
1744,1531,1000
1747,1525,1000
1749,1519,1000
1751,1513,1000
1754,1507,1000
1755,1502,1000
1759,1497,1000
1763,1492,1000
1767,1488,1000
1770,1483,1000
1773,1479,1000
1757,1464,1000
1741,1448,1000
1724,1433,1000
1708,1417,1000
1691,1402,1000
1690,1401,1000
1689,1400,1000
1689,1399,1000
1688,1398,1000
1687,1398,1000
1685,1395,1000
1682,1392,1000
1680,1390,1000
1678,1387,1000
1676,1385,1000
1665,1381,1000
1655,1378,1000
1644,1376,1000
1634,1374,1000
1623,1372,1000
1622,1372,1000
1622,1373,1000
1621,1374,1000
1620,1374,1000
1619,1375,1000
1614,1373,1000
1609,1370,1000
1605,1368,1000
1600,1366,1000
1596,1365,1000
1595,1364,1000
1594,1363,1000
1592,1363,1000
1591,1362,1000
1590,1362,1000
1586,1359,1000
1582,1355,1000
1577,1352,1000
1573,1349,1000
1569,1346,1000
1558,1342,1000
1548,1339,1000
1537,1337,1000
1527,1334,1000
1517,1332,1000
1502,1343,1000
1487,1355,1000
1471,1367,1000
1454,1381,1000
1436,1396,1000
1431,1402,1000
1425,1408,1000
1419,1414,1000
1413,1420,1000
1407,1426,1000
1407,1426,1000
1407,1426,1000
1407,1426,1000
1407,1426,1000
1407,1426,1000
1395,1404,1000
1382,1382,1000
1368,1360,1000
1354,1338,1000
1339,1317,2000
1344,1288,2000
1347,1260,2000
1349,1232,2000
1348,1203,2000
1346,1175,1000
1346,1174,1000
1346,1174,1000
1346,1173,1000
1347,1173,1000
1347,1172,1000
1341,1159,1000
1335,1146,1000
1329,1132,1000
1323,1118,1000
1316,1104,1000
1314,1101,1000
1311,1098,1000
1308,1095,1000
1305,1092,1000
1302,1089,1000
1301,1089,1000
1301,1088,1000
1300,1088,1000
1299,1087,1000
1298,1086,1000
1323,1144,1000
1343,1200,1000
1358,1254,1000
1367,1308,1000
1372,1362,2000
1379,1315,2000
1381,1270,2000
1379,1224,2000
1372,1178,2000
1360,1130,1000
1358,1129,1000
1357,1128,1000
1355,1126,1000
1354,1125,1000
1352,1124,1000
1373,1180,1000
1388,1234,1000
1398,1286,1000
1402,1339,1000
1400,1392,2000
1410,1371,2000
1419,1351,2000
1426,1331,2000
1433,1311,2000
1438,1292,1000
1442,1279,1000
1445,1266,1000
1447,1253,1000
1449,1240,1000
1451,1228,1000
1446,1217,1000
1441,1207,1000
1435,1197,1000
1430,1187,1000
1424,1176,1000
1510,1303,1000
1574,1421,1000
1616,1537,1000
1634,1656,1000
1628,1791,2000
1654,1769,2000
1679,1749,2000
1703,1732,2000
1726,1717,2000
1749,1704,1000
1761,1693,1000
1772,1684,1000
1783,1674,1000
1794,1666,1000
1805,1657,1000
1818,1651,1000
1831,1645,1000
1844,1639,1000
1857,1634,1000
1870,1630,1000
1879,1631,1000
1887,1633,1000
1896,1635,1000
1904,1636,1000
1913,1638,1000
1862,1653,1000
1810,1677,1000
1756,1710,1000
1699,1754,1000
1637,1816,2000
1679,1783,2000
1718,1757,2000
1757,1737,2000
1795,1721,2000
1832,1709,1000
1853,1708,1000
1874,1709,1000
1896,1710,1000
1917,1712,1000
1939,1715,1000
1945,1717,1000
1952,1718,1000
1958,1720,1000
1965,1722,1000
1971,1724,1000
1903,1728,1000
1837,1742,1000
1771,1768,1000
1703,1808,1000
1630,1872,2000
1659,1851,2000
1688,1834,2000
1716,1821,2000
1743,1810,2000
1771,1801,1000
1799,1794,1000
1827,1789,1000
1856,1786,1000
1884,1784,1000
1913,1784,1000
1928,1788,1000
1943,1792,1000
1958,1797,1000
1973,1802,1000
1988,1807,1000
1934,1744,1000
1875,1683,1000
1812,1623,1000
1746,1565,1000
1680,1510,2000
1672,1500,2000
1665,1491,2000
1657,1481,2000
1649,1472,2000
1641,1462,1000
1637,1456,1000
1633,1450,1000
1628,1444,1000
1624,1438,1000
1619,1431,1000
1628,1440,1000
1637,1448,1000
1646,1456,1000
1654,1464,1000
1663,1472,1000
1665,1477,1000
1668,1482,1000
1670,1487,1000
1673,1492,1000
1675,1497,1000
1654,1499,1000
1633,1503,1000
1612,1508,1000
1590,1515,1000
1568,1522,2000
1576,1522,2000
1583,1522,2000
1590,1523,2000
1597,1523,2000
1604,1524,1000
1609,1523,1000
1615,1522,1000
1620,1521,1000
1625,1520,1000
1630,1519,1000
1624,1513,1000
1618,1508,1000
1612,1502,1000
1605,1497,1000
1599,1491,1000
1596,1496,1000
1593,1501,1000
1590,1506,1000
1587,1512,1000
1584,1517,1000
1580,1519,1000
1577,1521,1000
1573,1524,1000
1569,1526,1000
1566,1529,1000
1576,1550,1000
1585,1572,1000
1593,1594,1000
1601,1616,1000
1608,1638,2000
1600,1636,2000
1593,1633,2000
1585,1631,2000
1577,1628,2000
1570,1626,1000
1568,1619,1000
1566,1613,1000
1564,1606,1000
1562,1599,1000
1560,1593,1000
1559,1589,1000
1558,1585,1000
1557,1581,1000
1555,1577,1000
1554,1573,1000
1553,1571,1000
1552,1570,1000
1551,1569,1000
1550,1567,1000
1549,1566,1000
1544,1555,1000
1539,1544,1000
1533,1532,1000
1527,1521,1000
1522,1510,2000
1517,1509,2000
1512,1507,2000
1507,1506,2000
1503,1504,2000
1498,1503,1000
1495,1503,1000
1493,1503,1000
1490,1503,1000
1488,1503,1000
1485,1503,1000
1485,1497,1000
1486,1490,1000
1486,1483,1000
1486,1476,1000
1486,1470,1000
1484,1467,1000
1483,1464,1000
1481,1461,1000
1479,1458,1000
1477,1456,1000
1476,1451,1000
1474,1447,1000
1473,1443,1000
1471,1438,1000
1470,1434,1000
1558,1462,1000
1647,1502,1000
1740,1552,1000
1836,1612,1000
1935,1679,2000
1924,1674,2000
1914,1669,2000
1903,1665,2000
1893,1660,2000
1883,1656,1000
1877,1654,1000
1870,1652,1000
1863,1650,1000
1857,1648,1000
1851,1646,1000
1795,1572,1000
1730,1496,1000
1660,1419,1000
1585,1341,1000
1507,1264,2000
1483,1230,2000
1458,1195,2000
1431,1159,2000
1403,1122,2000
1374,1084,1000
1403,1123,1000
1430,1161,1000
1456,1198,1000
1481,1233,1000
1504,1268,2000
1507,1273,2000
1509,1279,2000
1512,1284,2000
1514,1289,2000
1517,1294,1000
1519,1299,1000
1520,1303,1000
1522,1307,1000
1524,1312,1000
1525,1316,1000
1583,1368,1000
1640,1420,1000
1696,1474,1000
1751,1529,1000
1803,1584,2000
1792,1578,2000
1780,1572,2000
1769,1567,2000
1758,1561,2000
1747,1556,1000
1743,1540,1000
1738,1523,1000
1732,1507,1000
1725,1490,1000
1718,1473,2000
1721,1471,2000
1723,1468,2000
1725,1466,2000
1728,1464,2000
1730,1461,1000
1717,1453,1000
1705,1444,1000
1692,1436,1000
1679,1427,1000
1667,1419,2000
1672,1418,2000
1676,1416,2000
1680,1415,2000
1685,1413,2000
1689,1412,1000
1689,1417,1000
1690,1422,1000
1690,1427,1000
1690,1432,1000
1690,1437,2000
1695,1438,2000
1701,1438,2000
1707,1439,2000
1713,1439,2000
1719,1440,1000
1759,1467,1000
1800,1496,1000
1842,1526,1000
1887,1557,1000
1932,1589,2000
1943,1610,2000
1952,1630,2000
1958,1651,2000
1963,1671,2000
1966,1692,1000
1974,1684,1000
1982,1676,1000
1990,1668,1000
1997,1661,1000
2004,1654,1000
2009,1673,1000
2012,1693,1000
2014,1712,1000
2013,1732,1000
2012,1752,1000
2014,1732,1000
2015,1712,1000
2014,1693,1000
2012,1674,1000
2007,1655,1000
1992,1642,1000
1977,1629,1000
1961,1615,1000
1945,1602,1000
1929,1588,2000
1926,1597,2000
1921,1605,2000
1916,1615,2000
1910,1624,2000
1904,1634,1000
1900,1615,1000
1895,1595,1000
1888,1576,1000
1879,1557,1000
1868,1537,1000
1860,1527,1000
1851,1517,1000
1842,1507,1000
1833,1497,1000
1824,1486,1000
1712,1385,1000
1597,1276,1000
1485,1162,1000
1381,1049,1000
1284,943,2000
1313,984,2000
1340,1024,2000
1366,1062,2000
1391,1099,2000
