1773,1788,1000
1781,1812,1000
1789,1837,1000
1795,1863,1000
1801,1890,1000
1817,1882,1000
1832,1875,1000
1848,1870,1000
1863,1864,1000
1879,1860,1000
1872,1835,1000
1865,1811,1000
1857,1787,1000
1848,1763,1000
1838,1740,1000
1848,1738,1000
1857,1737,1000
1866,1735,1000
1875,1734,1000
1884,1733,1000
1899,1756,1000
1912,1779,1000
1924,1803,1000
1936,1827,1000
1946,1851,1000
1937,1826,1000
1927,1801,1000
1915,1777,1000
1902,1752,1000
1889,1728,1000
1879,1710,1000
1869,1693,1000
1859,1675,1000
1848,1658,1000
1836,1640,1000
1807,1647,1000
1777,1657,1000
1747,1669,1000
1717,1683,1000
1686,1701,1000
1703,1691,1000
1721,1682,1000
1738,1675,1000
1755,1668,1000
1772,1661,1000
1749,1646,1000
1725,1630,1000
1701,1616,1000
1677,1602,1000
1654,1588,1000
1677,1602,1000
1700,1616,1000
1723,1631,1000
1746,1646,1000
1769,1662,1000
1769,1638,1000
1767,1613,1000
1764,1589,1000
1759,1565,1000
1753,1542,1000
1753,1542,1000
1753,1542,1000
1753,1542,1000
1753,1542,1000
1753,1542,1000
1728,1529,1000
1704,1518,1000
1679,1507,1000
1655,1497,1000
1631,1488,1000
1642,1482,1000
1652,1477,1000
1663,1473,1000
1673,1468,1000
1683,1465,1000
1670,1452,1000
1658,1440,1000
1645,1428,1000
1632,1416,1000
1620,1403,1000
1613,1408,1000
1607,1413,1000
1600,1419,1000
1593,1424,1000
1586,1430,1000
1596,1419,1000
1605,1409,1000
1614,1399,1000
1622,1389,1000
1629,1381,1000
1650,1399,1000
1670,1418,1000
1690,1437,1000
1710,1456,1000
1730,1475,1000
1702,1448,1000
1672,1420,1000
1643,1393,1000
1614,1367,1000
1584,1340,1000
1576,1349,1000
1568,1358,1000
1559,1368,1000
1549,1379,1000
1538,1390,1000
1541,1386,1000
1543,1381,1000
1545,1377,1000
1548,1372,1000
1550,1368,1000
1540,1360,1000
1530,1352,1000
1520,1344,1000
1510,1336,1000
1500,1328,1000
1506,1322,1000
1512,1316,1000
1517,1310,1000
1522,1304,1000
1527,1299,1000
1510,1282,1000
1492,1265,1000
1475,1248,1000
1458,1231,1000
1440,1215,1000
1438,1228,1000
1435,1241,1000
1432,1254,1000
1428,1268,1000
1423,1281,1000
1410,1268,1000
1397,1255,1000
1383,1242,1000
1370,1229,1000
1357,1216,1000
1362,1210,1000
1367,1204,1000
1371,1198,1000
1376,1192,1000
1380,1186,1000
1394,1200,1000
1407,1213,1000
1420,1227,1000
1433,1241,1000
1446,1255,1000
1446,1245,1000
1446,1236,1000
1446,1227,1000
1445,1217,1000
1444,1208,1000
1429,1195,1000
1414,1182,1000
1399,1169,1000
1385,1157,1000
1370,1145,1000
1359,1152,1000
1348,1160,1000
1337,1169,1000
1325,1178,1000
1312,1187,1000
1286,1168,1000
1260,1149,1000
1234,1131,1000
1207,1115,1000
1180,1099,1000
1193,1107,1000
1206,1115,1000
1219,1123,1000
1232,1131,1000
1244,1140,1000
1250,1126,1000
1255,1112,1000
1260,1098,1000
1264,1085,1000
1267,1071,1000
1261,1099,1000
1252,1127,1000
1240,1156,1000
1226,1185,1000
