1765,1668,1000
1765,1694,1000
1763,1720,1000
1761,1747,1000
1757,1776,1000
1732,1785,1000
1707,1796,1000
1681,1810,1000
1655,1826,1000
1628,1846,1000
1603,1844,1000
1579,1844,1000
1553,1846,1000
1528,1850,1000
1501,1857,1000
1491,1821,1000
1479,1790,1000
1467,1761,1000
1455,1733,1000
1441,1707,1000
1411,1712,1000
1379,1719,1000
1346,1729,1000
1311,1744,1000
1271,1768,1000
1274,1721,1000
1274,1682,1000
1273,1648,1000
1271,1617,1000
1268,1588,1000
1296,1570,1000
1322,1555,1000
1347,1541,1000
1371,1529,1000
1393,1519,1000
1407,1566,1000
1418,1616,1000
1425,1670,1000
1428,1730,1000
1428,1802,1000
1427,1732,1000
1422,1673,1000
1414,1620,1000
1402,1571,1000
1387,1524,2000
1394,1500,2000
1400,1477,2000
1404,1455,2000
1408,1433,2000
1411,1411,1000
1424,1403,1000
1438,1395,1000
1451,1387,1000
1463,1381,1000
1476,1374,1000
1490,1377,1000
1505,1381,1000
1519,1385,1000
1534,1389,1000
1549,1394,1000
1531,1366,1000
1511,1337,1000
1491,1309,1000
1470,1280,1000
1449,1251,1000
1435,1229,1000
1422,1207,1000
1407,1184,1000
1392,1161,1000
1377,1137,1000
1380,1125,1000
1383,1113,1000
1384,1101,1000
1385,1089,1000
1385,1078,1000
1408,1096,1000
1432,1116,1000
1457,1138,1000
1482,1162,1000
1508,1187,1000
1540,1219,1000
1572,1251,1000
1604,1283,1000
1637,1314,1000
1671,1346,1000
1731,1400,1000
1790,1453,1000
1849,1503,1000
1904,1552,1000
1956,1599,1000
1990,1632,1000
-1578,1632,1000
-1550,1632,1000
-1525,1632,1000
-1502,1632,1000
-1493,1632,1000
-1486,1632,1000
-1482,1632,1000
-1479,1632,1000
-1479,1632,1000
-1502,1632,1000
-1526,1632,1000
-1549,1632,1000
-1572,1632,1000
2005,1886,1000
1983,1873,1000
1962,1861,1000
1941,1849,1000
1919,1837,1000
1897,1826,1000
1881,1804,1000
1864,1782,1000
1846,1761,1000
1828,1739,1000
1809,1718,1000
1803,1707,1000
1797,1697,1000
1791,1686,1000
1784,1675,1000
1777,1664,1000
1725,1573,1000
1659,1481,1000
1584,1389,1000
1501,1296,1000
1413,1204,2000
1401,1203,2000
1389,1203,2000
1377,1204,2000
1364,1204,2000
1352,1206,1000
1349,1213,1000
1346,1221,1000
1343,1229,1000
1340,1237,1000
1336,1245,1000
1337,1235,1000
1337,1225,1000
1338,1214,1000
1338,1204,1000
1338,1194,2000
1328,1191,2000
1318,1187,2000
1308,1184,2000
1298,1181,2000
1288,1179,1000
1436,1285,1000
1583,1413,1000
1722,1552,1000
1841,1696,1000
1930,1845,2000
1920,1862,2000
1910,1880,2000
1900,1899,2000
1889,1920,2000
1878,1942,1000
1880,1963,1000
1881,1986,1000
1882,2010,1000
1882,2036,1000
1881,2065,1000
1882,2035,1000
1883,2007,1000
1883,1982,1000
1882,1958,1000
1881,1936,2000
1865,1944,2000
1850,1953,2000
1834,1964,2000
1818,1976,2000
1802,1990,1000
1777,1926,1000
1748,1869,1000
1716,1817,1000
1680,1768,1000
1642,1722,2000
1634,1721,2000
1626,1719,2000
1617,1718,2000
1609,1718,2000
1600,1717,1000
1601,1709,1000
1601,1701,1000
1601,1693,1000
1601,1685,1000
1601,1677,1000
1589,1653,1000
1575,1629,1000
1561,1605,1000
1546,1582,1000
1531,1559,2000
1523,1561,2000
1515,1562,2000
1507,1563,2000
1499,1565,2000
1491,1567,1000
1491,1552,1000
1490,1538,1000
1490,1524,1000
1489,1510,1000
1487,1496,1000
1527,1522,1000
1566,1549,1000
1604,1578,1000
1641,1609,1000
1678,1641,2000
1673,1624,2000
1668,1607,2000
1662,1590,2000
1656,1574,2000
1649,1557,1000
1632,1539,1000
1615,1521,1000
1598,1504,1000
1580,1486,1000
1562,1469,1000
1590,1478,1000
1619,1489,1000
1648,1500,1000
1678,1513,1000
1707,1527,2000
1714,1526,2000
1721,1525,2000
1728,1524,2000
1736,1523,2000
1743,1522,1000
1755,1521,1000
1768,1521,1000
1780,1521,1000
1793,1522,1000
1806,1523,2000
1814,1522,2000
1822,1522,2000
1829,1522,2000
1837,1522,2000
1845,1523,1000
1679,1430,1000
1536,1380,1000
1398,1369,1000
1248,1398,1000
1017,1482,2000
1043,1473,2000
1065,1465,2000
1083,1457,2000
1101,1449,2000
1117,1442,1000
1105,1432,1000
1094,1421,1000
1082,1411,1000
1070,1401,1000
1057,1391,1000
1050,1406,1000
1042,1421,1000
1032,1437,1000
1020,1454,1000
1005,1471,1000
1101,1359,1000
1142,1266,1000
1161,1180,1000
1165,1096,1000
1156,1010,2000
1149,997,2000
1141,984,2000
1134,971,2000
1127,958,2000
1119,945,1000
1134,957,1000
1148,969,1000
1163,981,1000
1177,993,1000
1191,1006,1000
1186,1008,1000
1180,1010,1000
1174,1013,1000
1168,1015,1000
1162,1018,1000
1333,1180,1000
1487,1360,1000
1609,1543,1000
1683,1736,1000
1701,1997,2000
1711,1974,2000
1721,1954,2000
1730,1936,2000
1739,1921,2000
1748,1906,1000
1745,1928,1000
1741,1951,1000
1736,1976,1000
1732,2006,1000
1727,2042,1000
1720,2039,1000
1714,2035,1000
1708,2032,1000
1701,2028,1000
1695,2025,1000
1655,1879,1000
1603,1773,1000
1539,1682,1000
1467,1601,1000
1387,1530,2000
1380,1518,2000
1373,1505,2000
1366,1493,2000
1358,1481,2000
